route_id,trip_id,service_id,shape_id,direction_id,trip_headsign
7589525,344,0,7589522,0,Nima Overhead Maamobi
7437148,0,0,7437119,0,Amasaman
7435747,346,0,7435456,0,Ashaiman Main Station
7435747,347,0,7435650,1,Abeka Lapaz
7476946,340,0,7476945,0,Nima
7476946,341,0,7476928,1,Circle
7472304,342,0,7472286,0,Nima Mamobi
7472304,343,0,7472219,1,Ashiaman
7518975,348,0,7518920,0,Ashiaman
7518975,349,0,7518969,1,Abeka Lapaz
7582949,298,0,7582938,0,Mallam Attah
7582949,299,0,7582921,1,Kotobabi Down/Polo park
7477772,296,0,7477758,0,Mallam Atta
7477772,297,0,7477561,1,Achimota
7477513,294,0,7477507,0,Legon
7477513,295,0,7477090,1,Dome
7445275,292,0,7445185,0,Agape
7445275,293,0,7445272,1,Abeka Lapaz
7481124,290,0,7481044,0,Yellow House
7481124,291,0,7481118,1,Abeka Lapaz
7406253,199,0,7406251,1,Kaneshie
7406253,198,0,7406252,0,Shalom
7445109,195,0,7445107,1,Abeka Main Market
7445109,194,0,7444960,0,Circle Industrial Area
7422818,197,0,7422797,1,Kaneshie
7422818,196,0,7422764,0,Russia
7423611,191,0,7423604,1,Kaneshie
7423611,190,0,7423593,0,Mamprobi Alhaji
7424983,193,0,7424841,1,Kaneshie
7424983,192,0,7423715,0,New town
7484467,270,0,7484395,0,Adenta
7484467,271,0,7484459,1,Abeka Lapaz
7480604,272,0,7480574,0,Alhaji
7480604,273,0,7480603,1,Abeka Lapaz
7499803,274,0,7499756,0,Ashaiman
7499803,275,0,7499799,1,Abeka Lapaz
7480899,276,0,7480775,0,Lomnava
7480899,277,0,7480897,1,Abeka Lapaz
7483085,278,0,7482996,0,Madina
7483085,279,0,7483083,1,Abeka Lapaz
7452139,524,0,7452016,0,Kuntunse/Satelite
7452139,525,0,7452112,1,Achimota
7541690,526,0,7541588,0,Akweteman Zongo
7541690,527,0,7541688,1,Achimota
7453025,520,0,7452960,0,Adenta Station
7453025,521,0,7453016,1,Achimota
7519069,522,0,7519008,0,Adjiringanor
7519069,523,0,7519055,1,Achimota
7453712,528,0,7453599,0,Asofan
7453712,529,0,7453708,1,Achimota
7443816,449,0,7443807,1,Abeka Lapaz
7443816,448,0,7443792,0,Korle Bu
7571475,443,0,7571472,1,Accra Salaga
7571475,442,0,7571466,0,Chemuna
7459958,441,0,7459937,1,Accra Rawlings Park
7459958,440,0,7459883,0,Osu Penta Hotel
7459283,447,0,7459274,1,Accra Salaga
7459283,446,0,7459269,0,Camara
7571419,445,0,7571392,1,Accra Salaga
7571419,444,0,7571363,0,Appiah Danquah
7473856,108,0,7473852,0,Circle Overhead
7473856,109,0,7473851,1,Abeka Lapaz
7473841,102,0,7473839,0,Circle
7473841,103,0,7473677,1,Accra New Tema Station
7418804,100,0,7418634,0,Tema (Motorway)
7418804,101,0,7418705,1,Circle
7604967,106,0,7604961,0,Circle Lido
7604967,107,0,7604910,1,Abeka Lapaz
7452837,104,0,7452793,0,Circle
7452837,105,0,7452834,1,WAEC
7546845,39,0,7546841,1,Arena
7546845,38,0,7546832,0,Kaneshie
7546726,33,0,7546702,1,Alajo Junction
7546726,32,0,7546679,0,Kotobabi Police Station
7475836,31,0,7475834,1,Alajo
7475836,30,0,7475767,0,Circle
7476180,37,0,7476011,1,Accra New Tema Station
7476180,36,0,7476130,0,Apapa
7440787,35,0,7440783,1,Abeka Lapaz
7440787,34,0,7440716,0,Sapeiman
7573256,438,0,7573166,0,Nungua Authority
7573256,439,0,7573254,1,Accra Rawlings Park
7573493,436,0,7573398,0,La Olympia
7573493,437,0,7573423,1,Accra Rawlings Park
7598186,434,0,7598052,0,Sakaman Blue Lagoon
7598186,435,0,7598170,1,Accra Rawlings Park
7573629,432,0,7573602,0,Mamprobi
7573629,433,0,7573618,1,Accra Post Office
7421719,430,0,7421169,0,Kaneshie
7421719,431,0,7421637,1,Abeka Lapaz
7589313,339,0,7589111,1,Ashaiman
7589313,338,0,7589307,0,Nima
7477058,335,0,7477057,1,Accra New Town
7477058,334,0,7477001,0,Nima Maamobi
7588801,337,0,7588716,1,Accra
7588801,336,0,7588792,0,Nima
7477085,331,0,7477084,1,Accra New Town
7477085,330,0,7477078,0,Madina
7456425,333,0,7456423,1,Abeka Lapaz
7456425,332,0,7456407,0,Antie-Eku Pallas Town
7589525,345,0,7589438,1,Achimota Terminal
7474831,6,0,7474787,0,Mallam Attah
7471831,99,0,7471821,1,Circle
7471831,98,0,7471704,0,Teachers Hall
7471406,91,0,7471405,1,Circle
7471406,90,0,7471386,0,Ridge Hospital
7471624,93,0,7471608,1,Circle
7471624,92,0,7471482,0,Stadium
7418569,95,0,7418496,1,Circle
7418569,94,0,7418430,0,Swanlake Last Stop
7441993,97,0,7441989,1,Abeka Lapaz
7441993,96,0,7441963,0,Dome
7425145,551,0,7425044,1,Ashaiaman
7425145,550,0,7425103,0,Circle Overhead
7563457,553,0,7563449,1,Abeka Lapaz
7563457,552,0,7563404,0,Sowutuom
7499299,238,0,7499292,0,Korle Bu
7499299,239,0,7499245,1,Darkuman
7580705,234,0,7580677,0,Mallam
7580705,235,0,7580704,1,Korle Bu
7462998,236,0,7462990,0,Kaneshie
7462998,237,0,7462792,1,Dansoman
7462415,230,0,7462285,0,Kasoa
7462415,231,0,7462383,1,Korle Bu
7559533,232,0,7559376,0,Kwashieman/Santa Maria
7559533,233,0,7559519,1,Korle Bu
7437148,1,0,7437138,1,Abeka Lapaz
7488778,146,0,7488728,0,Santa Maria
7488778,147,0,7488767,1,Dansoman
7426651,144,0,7425735,0,Odorkor
7426651,145,0,7426645,1,Dansoman
7498588,142,0,7498573,0,Circle Overhead
7498588,143,0,7498362,1,Bawaleshie
7499300,140,0,7496999,0,Nyamekye
7499300,141,0,7499295,1,Dansoman
7552568,148,0,7552566,0,Darkuman
7552568,149,0,7552552,1,Agbogbloshie
7498005,133,0,7497752,1,Achimota
7498005,132,0,7497987,0,Dansoman
7480162,131,0,7480160,1,Accra CMB
7480162,130,0,7480068,0,Weija
7552498,137,0,7552443,1,Awoshie
7552498,136,0,7552492,0,Dansoman
7552156,135,0,7552018,1,Arena
7552156,134,0,7552151,0,Dansoman
7496962,494,0,7496940,0,Race Course
7496962,495,0,7407962,1,Abeka Lapaz
7501043,139,0,7498111,1,Circle
7501043,138,0,7498214,0,Dansoman
7585190,490,0,7585174,0,Zongo Junction
7585190,491,0,7585106,1,Korle Bu
7458538,492,0,7458464,0,Osu
7458538,493,0,7458534,1,Abeka Lapaz
7542142,24,0,7542086,0,Teshie-Nungua
7542142,25,0,7542139,1,Achimota
7416167,26,0,7416050,0,Dome Kwabenya
7416167,27,0,7416141,1,Abeka Lapaz
7499479,20,0,7499451,0,Tema
7499479,21,0,7499478,1,Achimota
7542061,22,0,7541972,0,Accra New Tema Station
7542061,23,0,7542012,1,Achimota
7475647,28,0,7475602,0,Kaneshie
7475647,29,0,7475644,1,Akoto Lante
7574301,407,0,7573640,1,American House
7574301,406,0,7573652,0,Okponglo
7597906,405,0,7597854,1,Accra New Tema Station
7597906,404,0,7597893,0,Odorkor
7597729,403,0,7597691,1,Odorkor
7597729,402,0,7597657,0,South Odorkor
7461761,401,0,7461708,1,Odorkor
7461761,400,0,7461665,0,Official Town
7575488,409,0,7575476,1,Bawaleshie
7575488,408,0,7575482,0,Okponglo
7463740,379,0,7463559,1,Agblezah
7463740,378,0,7463689,0,Odorna
7466926,371,0,7466879,1,Madina
7466926,370,0,7466923,0,Nima Station
7466637,373,0,7466632,1,Nima Station
7466637,372,0,7466448,0,Nyaho
7463990,375,0,7463965,1,Accra New Tema Station
7463990,374,0,7463937,0,Cantonments
7594941,377,0,7594887,1,Accra New Tema Station
7594941,376,0,7594940,0,Nima Station
7457677,393,0,7457668,1,Abeka Lapaz
7457677,392,0,7457497,0,Bubiashie
7471365,88,0,7471344,0,Osu RE
7471365,89,0,7471361,1,Circle
7586940,397,0,7586649,1,Anyah
7586940,396,0,7586875,0,Odorkor
7462969,395,0,7462917,1,Circle Odorna
7462969,394,0,7462748,0,Korle Bu
7551952,82,0,7551926,0,Orgle Road
7551952,83,0,7551948,1,Circle
7467971,80,0,7467968,0,Novotel
7467971,81,0,7467970,1,Circle
7471283,86,0,7471262,0,Osu RE
7471283,87,0,7471278,1,Circle
7468339,84,0,7468317,0,Osu Presby
7468339,85,0,7468337,1,Circle
7474831,7,0,7474823,1,Achimota
7480337,245,0,7480327,1,Circle Lido
7480337,244,0,7480336,0,Kotobabi Down
7406210,247,0,7406209,1,Abeka Lapaz
7406210,246,0,7407644,0,37
7486143,241,0,7486056,1,37
7486143,240,0,7486142,0,Kotobabi Down
7480290,243,0,7480173,1,Accra CMB
7480290,242,0,7480239,0,Kotobabi Down
7485974,249,0,7485569,1,Abeka Lapaz
7485974,248,0,7485960,0,Kotobabi Down
7437100,519,0,7437093,1,Abeka Lapaz
7437100,518,0,7437084,0,Tema Community One Market
7452660,511,0,7452530,1,Accra End of the Motorway
7452660,510,0,7452373,0,Adjringanor/Otanor
7466042,513,0,7466032,1,Accra End of the Motorway
7466042,512,0,7465985,0,American House
7425412,515,0,7425333,1,Accra New Town
7425412,514,0,7425316,0,Caprice
7420442,517,0,7420410,1,Achimota
7420442,516,0,7420174,0,37
7599683,458,0,7599432,0,Sukura
7599683,459,0,7599545,1,Nima-Mamobi
7571332,450,0,7571322,0,Shiabu
7571332,451,0,7571303,1,Agbogbloshie
7598208,452,0,7598207,0,Soko
7598208,453,0,7598198,1,Accra Post Office
7459022,454,0,7458997,0,Soko
7459022,455,0,7458953,1,Accra Post Office
7458729,456,0,7458710,0,Sukura
7458729,457,0,7458410,1,Arena
7485664,179,0,7485479,1,Chorkor
7485664,178,0,7485604,0,Kaneshie
7488333,177,0,7488258,1,Camara
7488333,176,0,7488287,0,Kaneshie
7488448,175,0,7488437,1,Bubuashie
7488448,174,0,7488446,0,Kaneshie
7488566,173,0,7488505,1,Appiah Danquah/ Soko
7488566,172,0,7488563,0,Kaneshie
7516618,171,0,7516584,1,Kaneshie
7516618,170,0,7488596,0,Afropa
7485398,253,0,7485362,1,Achimota
7488146,182,0,7488101,0,Korlebu
7488146,183,0,7488142,1,Kaneshie
7488223,180,0,7488222,0,Good Shepherd
7488223,181,0,7516796,1,Kaneshie
7423322,186,0,7423029,0,Madina-Adenta
7423322,187,0,7423269,1,Kaneshie
7488069,184,0,7487993,0,Maamobi
7488069,185,0,7488056,1,Kaneshie
7423582,188,0,7423503,0,Mamponse
7423582,189,0,7423570,1,Kaneshie
7541948,11,0,7541947,1,Achimota
7541948,10,0,7541922,0,Medie/Kotoku
7467672,13,0,7467671,1,Achimota
7467672,12,0,7467662,0,Ofankor
7415878,15,0,7415862,1,Abeka Lapaz
7415878,14,0,7415754,0,Circle Accra
7475350,17,0,7475327,1,Achimota
7475350,16,0,7475274,0,Ashaiman Main Station
7478164,19,0,7478156,1,Achimota
7478164,18,0,7477825,0,Taifa
7548114,62,0,7548092,0,Chorkor
7584959,322,0,7584876,0,Ashaiman Main Station
7584959,323,0,7584952,1,Accra New Tema Station
7481388,320,0,7481244,0,Haatso
7481388,321,0,7481384,1,Abeka Lapaz
7587970,326,0,7587968,0,New Town
7587970,327,0,7587870,1,Adenta
7481117,324,0,7481099,0,Accra New Town
7481117,325,0,7481021,1,37
7588610,328,0,7588311,0,Kasoa
7588610,329,0,7588606,1,Accra New Town
7459791,201,0,7459789,1,Kaneshie Foot Bridge
7459791,200,0,7459268,0,Makola Tudu
7459986,203,0,7459943,1,Agyapa Ye North Kaneshie
7459986,202,0,7459984,0,Kaneshie Market Station
7460324,205,0,7460301,1,Kaneshie Market Station
7460324,204,0,7460211,0,New Fadama
7460562,207,0,7460557,1,Kaneshie Market Station
7460562,206,0,7460472,0,North Industrial Area
7460717,209,0,7460658,1,Kaneshie
7460717,208,0,7460627,0,Swanlake
7420855,77,0,7420795,1,Abeka Lapaz
7420855,76,0,7420681,0,Accra UTC
7421019,75,0,7421011,1,37 Lorry Park
7421019,74,0,7420887,0,Osu (37 Station)
7479635,73,0,7479571,1,Circle
7479635,72,0,7479429,0,Kotobabi Down Polo Park
7479359,71,0,7479355,1,Circle
7479359,70,0,7479340,0,Immesco Rice
7467946,79,0,7467945,1,Circle
7467946,78,0,7467942,0,New Melcom
7473825,2,0,7473673,0,Legon Station
7455439,542,0,7454990,0,SSNIT Flats
7455439,543,0,7455309,1,Circle Odorna
7463356,540,0,7463167,0,Legon
7463356,541,0,7463339,1,Achimota
7563536,546,0,7563473,0,Zamrama Line
7563536,547,0,7563496,1,Accra New Tema Station
7563714,544,0,7563654,0,Chemuna
7563714,545,0,7563692,1,Accra Rawlings Park
7541891,8,0,7541816,0,Mayera/Adusa
7480396,548,0,7480395,0,Nima - Maamobi
7480396,549,0,7480355,1,Circle
7467938,68,0,7467775,0,Fadama Last stop
7479896,120,0,7479872,0,Pigfarm
7479896,121,0,7479893,1,Circle
7548984,122,0,7548867,0,Manhean
7548984,123,0,7548979,1,Accra CMB
7549788,124,0,7549754,0,Odorkor
7549788,125,0,7549779,1,Accra CMB
7442241,126,0,7442032,0,Teshie Nungua
7442241,127,0,7442237,1,Abeka Lapaz
7549831,128,0,7549814,0,Omanjor
7549831,129,0,7549829,1,Accra CMB
7574385,414,0,7574384,0,Opetekwei
7574385,415,0,7574368,1,Circle
7461641,416,0,7461550,0,Opetekwei
7461641,417,0,7461508,1,Accra New Tema Station
7579940,410,0,7579927,0,Okponglo
7579940,411,0,7579862,1,Christian Centre
7586572,412,0,7586571,0,Agbogbloshie
7586572,413,0,7586567,1,Opetekwei
7418141,498,0,7416294,0,Sakumono Estate
7605813,418,0,7605745,0,Orgle Street
7605813,419,0,7605686,1,Kaneshie
7418141,499,0,7418029,1,Abeka Lapaz
7518807,319,0,7518804,1,Abeka Lapaz
7518807,318,0,7518611,0,Amasaman
7584515,313,0,7584510,1,Accra New Tema Station
7584515,312,0,7584453,0,Pigfarm
7502383,311,0,7502371,1,Accra New Tema Station
7502383,310,0,7502108,0,Dzorwulu
7481516,317,0,7481510,1,Abeka Lapaz
7481516,316,0,7481499,0,Awoshie
7584600,315,0,7584596,1,Abeka Lapaz
7584600,314,0,7584548,0,Ashongman
7451505,496,0,7451462,0,Six to Six Market
7451505,497,0,7451488,1,Abeka Lapaz
7473825,3,0,7473822,1,Achimota
7594861,368,0,7594860,0,Nima Station
7594861,369,0,7594789,1,Agbogbloshie
7467291,366,0,7467149,0,Sukura Station
7467291,367,0,7467238,1,Nima Overhead
7456493,364,0,7456456,0,Asofan
7456493,365,0,7456492,1,Abeka Lapaz
7594749,362,0,7593390,0,Pokuase Amasaman
7594749,363,0,7594733,1,Nima Overhead
7585974,360,0,7585935,0,Nima Overhead
7585974,361,0,7585780,1,Mallam
7432164,380,0,7431880,0,Kotobabi Down
7432164,381,0,7432100,1,Accra New Tema Station
7432489,382,0,7432263,0,Madina/Adenta
7432489,383,0,7432422,1,Circle Odorna
7463528,384,0,7463516,0,Odorna
7463528,385,0,7463403,1,Nima Mamobi
7605661,386,0,7605660,0,Odorna
7605661,387,0,7605625,1,Nungua
7502905,388,0,7502705,0,Nungua
7502905,389,0,7502901,1,Circle Odorna
7439593,60,0,7437182,0,Kasoa
7439593,61,0,7437218,1,Abeka Lapaz
7485244,258,0,7485198,0,Kwashieman Junction
7485244,259,0,7485090,1,Accra CMB
7473843,64,0,7473842,0,Circle
7473843,65,0,7473828,1,Asore Danho
7439761,66,0,7439696,0,Kotokuo
7439761,67,0,7439745,1,Abeka Lapaz
7485398,252,0,7485396,0,Kwashieman
7467938,69,0,7467835,1,Circle
7485324,250,0,7485322,0,Kwashieman
7485324,251,0,7485266,1,A Lang
7582474,256,0,7582466,0,Madina
7582474,257,0,7582417,1,Kwashieman
7485408,254,0,7485406,0,Kwashieman
7485408,255,0,7485401,1,Abeka Lapaz
7436193,508,0,7435911,0,Taifa
7436193,509,0,7436014,1,Abeka Lapaz
7465665,506,0,7464613,0,Nima
7465665,507,0,7465662,1,Accra
7473312,504,0,7473233,0,Darkuman
7473312,505,0,7473304,1,Accra
7501604,502,0,7501558,0,Kasoa
7501604,503,0,7501597,1,Abossey-Okai
7559234,500,0,7559191,0,Accra
7559234,501,0,7559224,1,Abelemkpe
7571264,469,0,7571256,1,Accra New Tema Station
7571264,468,0,7571239,0,Camara
7559071,465,0,7558983,1,Abeka Lapaz
7559071,464,0,7558873,0,Manhia Afuaman
7458324,467,0,7458272,1,Abeka Lapaz
7458324,466,0,7458035,0,Mayera
7458358,461,0,7458155,1,Kaneshie Station
7458358,460,0,7458319,0,Tabora Alhaji
7443866,463,0,7443865,1,Abeka Lapaz
7443866,462,0,7443857,0,Mallam Gbawe
7488672,168,0,7488646,0,Sukura
7488672,169,0,7488659,1,Kaneshie
7493202,164,0,7493196,0,Glefe
7493202,165,0,7493136,1,Accra Bishop
7426683,166,0,7426676,0,Hansonic
7426683,167,0,7426665,1,Dansoman Last Stop
7442731,160,0,7442512,0,Accra U.T.C
7442731,161,0,7442727,1,Abeka Main Market
7554159,162,0,7554095,0,Ebenezer
7554159,163,0,7553913,1,Accra Bishop
7541891,9,0,7541864,1,Achimota
7471933,357,0,7471894,1,Dome Railway Crossing
7471933,356,0,7471917,0,Nima Overhead
7472079,355,0,7472024,1,Awoshie Last Stop
7472079,354,0,7472071,0,Nima Overhead
7472170,353,0,7472135,1,Israel Lomnava
7472170,352,0,7472169,0,Nima Overhead
7593083,351,0,7593019,1,Alajo Station
7593083,350,0,7593076,0,Nima Overhead Maamobi
7467379,359,0,7467358,1,Lapaz-Nii Boi Junction
7467379,358,0,7467377,0,Nima Overhead
7461658,216,0,7461636,0,Mamprobi C Lante
7461658,217,0,7461655,1,Kaneshie Takoradi Station
7460919,214,0,7460910,0,Korle Bu
7460919,215,0,7460916,1,Kaneshie Takoradi Station
7460876,212,0,7460874,0,Kaneshie Takoradi Station
7460876,213,0,7460801,1,Dansoman Last Stop
7517520,210,0,7517381,0,Kaneshie
7517520,211,0,7517511,1,Abeka Main Market
7461717,218,0,7461690,0,New Russia Last Stop
7461717,219,0,7461711,1,Kaneshie Takoradi Station
7480997,289,0,7480992,1,Abeka Lapaz
7480997,288,0,7480923,0,Tetteh Quarshie
7474607,4,0,7474572,0,Madina Station
7482704,281,0,7482702,1,Abeka Lapaz
7482704,280,0,7482578,0,Omanjor
7482407,283,0,7482394,1,Abeka Lapaz
7482407,282,0,7482333,0,Race Course
7482125,285,0,7482123,1,Abeka Lapaz
7482125,284,0,7482055,0,Santa Maria
7564678,287,0,7564674,1,Abeka Lapaz
7564678,286,0,7560155,0,Tema
7582565,263,0,7582562,1,Kwashieman Junction
7582565,262,0,7582514,0,Santa Maria
7484849,261,0,7484705,1,Antie Aku
7484849,260,0,7484796,0,Kwashieman Junction
7582824,267,0,7582819,1,Kwashieman Junction
7582824,266,0,7582694,0,Rawlings Park
7484682,265,0,7484676,1,Kwashieman Junction
7484682,264,0,7484622,0,Sowutuom
7480537,269,0,7480536,1,Abeka Lapaz
7480537,268,0,7480400,0,Accra
7547781,59,0,7547692,1,Accra CMB
7547781,58,0,7547754,0,Bubuashie Ayigbe Town
7495685,55,0,7495671,1,Bubiashie Control (Old Station )
7495685,54,0,7495665,0,Circle
7495800,57,0,7495749,1,Bubiashie-Atico
7495800,56,0,7495720,0,Circle
7478410,51,0,7478379,1,Bubiashie Ayigbe Town
7478410,50,0,7478121,0,Circle
7547675,53,0,7547673,1,Agbogbloshie
7547675,52,0,7547642,0,Banana Inn/Dansoman
7454872,537,0,7454866,1,Achimota
7454872,536,0,7454843,0,Dome Pillar 2
7473499,535,0,7473495,1,Achimota
7548114,63,0,7548047,1,Agbogbloshie
7466844,533,0,7466825,1,Achimota
7466844,532,0,7466810,0,Darkuman
7517276,531,0,7517271,1,Abeka Lapaz
7517276,530,0,7517050,0,Adeyman
7455415,539,0,7455393,1,Achimota
7455415,538,0,7455013,0,Abeka Lapaz
7605155,115,0,7605019,1,Ablekuma
7605155,114,0,7605150,0,Accra CMB
7548761,117,0,7548760,1,Accra CMB
7548761,116,0,7548748,0,Alajo
7497047,111,0,7497041,1,Circle Overhead
7497047,110,0,7496996,0,Madina
7497118,113,0,7497115,1,Circle Overhead
7497118,112,0,7497095,0,Nima mamobi
7497485,119,0,7497484,1,Accra CMB
7497485,118,0,7497295,0,Fan-Milk
7574341,429,0,7574244,1,Accra CMB
7574341,428,0,7574340,0,Pigfarm
7473499,534,0,7473376,0,Dome /Ashongman Estates
7460628,421,0,7460522,1,Kaneshie
7460628,420,0,7460577,0,Orgle-Road
7431840,423,0,7431798,1,Osu
7431840,422,0,7431595,0,Circle
7460396,425,0,7460240,1,Kaneshie
7460396,424,0,7460368,0,Osu
7460180,427,0,7460020,1,Madina
7460180,426,0,7460118,0,Osu
7481933,308,0,7481598,0,Agbogbloshie
7481933,309,0,7481930,1,Accra New Tema Station
7517720,300,0,7517635,0,Agbogbloshie
7517720,301,0,7517718,1,Abeka Lapaz
7582991,302,0,7582989,0,Mataheko
7582991,303,0,7582985,1,Kaneshie
7584117,304,0,7584105,0,New Fadama
7584117,305,0,7584059,1,Accra CMB
7584341,306,0,7584339,0,Accra New Tema Station
7584341,307,0,7584311,1,Abelemkpe
7554981,229,0,7554979,1,Abeka Main Market
7554981,228,0,7554945,0,Mallam Atta
7441932,227,0,7441865,1,37 Lorry Park
7441932,226,0,7441225,0,Tse Addo
7461923,225,0,7461922,1,Korle Bu
7461923,224,0,7461911,0,Abeka Lapaz
7559358,223,0,7559285,1,Dzorwulu
7559358,222,0,7559352,0,Kokomlemle
7461829,221,0,7461775,1,Kaneshie Takoradi Station
7461829,220,0,7461768,0,Russia Last Stop
7463292,391,0,7463255,1,Circle Odorna
7463292,390,0,7463052,0,Tsui Bleoo
7553882,151,0,7553835,1,Accra CMB
7553882,150,0,7553865,0,Darkuman
7499148,153,0,7498817,1,Accra Post - Office
7499148,152,0,7499139,0,Darkuman
7492935,155,0,7492875,1,Circle
7492935,154,0,7492898,0,Dzorwulu
7492990,157,0,7492973,1,Circle
7492990,156,0,7492987,0,East Legon
7554557,159,0,7554291,1,Accra New Tema Station
7554557,158,0,7554533,0,Adjiringanor
7461906,399,0,7461834,1,Kasoa
7461906,398,0,7461838,0,Odorkor
7547619,48,0,7547555,0,Cantonment
7547619,49,0,7547613,1,Accra Bishop
7551894,46,0,7551890,0,Banana Inn
7551894,47,0,7551863,1,Accra New Tema Station
7478026,44,0,7478023,0,Banana Inn
7478026,45,0,7477990,1,Accra Post Office
7476640,42,0,7476413,0,Kaneshie
7476640,43,0,7476521,1,Atico
7547534,40,0,7547356,0,Russia
7547534,41,0,7547497,1,Arena
7474607,5,0,7474605,1,Achimota
7563761,489,0,7563747,1,Chorkor
7563761,488,0,7563757,0,Zongo Junction
7570158,487,0,7570146,1,Agege
7570158,486,0,7570157,0,Zongo Junction
7570243,485,0,7570218,1,Odorna-Circle
7570243,484,0,7570241,0,Zambrama Line
7571012,483,0,7570881,1,Kaneshie
7571012,482,0,7571009,0,Zambrama Line
7571156,481,0,7571129,1,Arena
7571156,480,0,7571153,0,Zambrama Line
7458055,472,0,7457867,0,Sukura
7458055,473,0,7458019,1,Accra New Tema Station
7571215,470,0,7571202,0,Chemuna
7571215,471,0,7571211,1,Accra New Tema Station
7456596,476,0,7456453,0,Banana Inn
7456596,477,0,7456496,1,Accra New Tema Station
7457826,474,0,7457633,0,Trade Fair (La)
7457826,475,0,7457804,1,Accra New Tema Station
7456376,478,0,7456342,0,Zambrama Line
7456376,479,0,7455566,1,Agbogbloshie 2
